This is cutadapt 2.8 with Python 3.6.9
Command line parameters: -j 16 -a AGATCGGAAGAGCACACGTCTGAA -m 24 --discard-untrimmed -o data/2-adapter_removed/rep1-rna-am.fq.gz data_raw/rep1-rna-am.fq.gz
Processing reads on 16 cores in single-end mode ...
Finished in 548.17 s (2 us/read; 31.09 M reads/minute).

=== Summary ===

Total reads processed:             284,033,454
Reads with adapters:               257,845,391 (90.8%)
Reads that were too short:           3,456,539 (1.2%)
Reads written (passing filters):   254,388,852 (89.6%)

Total basepairs processed: 21,586,542,504 bp
Total written (filtered):  9,068,429,645 bp (42.0%)

=== Adapter 1 ===

Sequence: AGATCGGAAGAGCACACGTCTGAA; Type: regular 3'; Length: 24; Trimmed: 257845391 times; Reverse-complemented: 0 times

No. of allowed errors:
0-9 bp: 0; 10-19 bp: 1; 20-24 bp: 2

Bases preceding removed adapters:
  A: 27.5%
  C: 22.8%
  G: 7.6%
  T: 42.1%
  none/other: 0.0%

Overview of removed sequences
length	count	expect	max.err	error counts
3	49383	4438022.7	0	49383
4	11094	1109505.7	0	11094
5	1666	277376.4	0	1666
6	1343	69344.1	0	1343
7	1029	17336.0	0	1029
8	1191	4334.0	0	1191
9	4761	1083.5	0	4746 15
10	2268	270.9	1	2130 138
11	3327	67.7	1	3219 108
12	3914	16.9	1	3781 133
13	6165	4.2	1	6005 160
14	10147	1.1	1	9894 253
15	16486	0.3	1	16045 441
16	30346	0.1	1	29670 676
17	56442	0.0	1	55068 1374
18	96663	0.0	1	93651 2401 611
19	164904	0.0	1	160255 4246 403
20	313681	0.0	2	303673 8857 1151
21	377948	0.0	2	365596 10084 2268
22	500772	0.0	2	474852 22233 3687
23	663176	0.0	2	629859 26835 6482
24	831450	0.0	2	797851 28657 4942
25	1092625	0.0	2	1050389 36445 5791
26	1399858	0.0	2	1344909 47117 7832
27	1796226	0.0	2	1729364 58072 8790
28	2060483	0.0	2	1982247 67512 10724
29	2468688	0.0	2	2373036 81827 13825
30	3167822	0.0	2	3056041 98903 12878
31	3560301	0.0	2	3438266 108828 13207
32	4282073	0.0	2	4144101 124186 13786
33	5546376	0.0	2	5371070 159439 15867
34	6369678	0.0	2	6172684 179473 17521
35	7477415	0.0	2	7253165 206063 18187
36	9087621	0.0	2	8817258 246985 23378
37	10492441	0.0	2	10167142 297466 27833
38	13226043	0.0	2	12835753 360284 30006
39	13822967	0.0	2	13421219 371849 29899
40	17561304	0.0	2	17053178 468990 39136
41	20887570	0.0	2	20285228 555827 46515
42	26383750	0.0	2	25633396 694898 55456
43	30272468	0.0	2	29367337 831380 73751
44	28697296	0.0	2	27845315 784757 67224
45	13649883	0.0	2	13224874 389330 35679
46	6030695	0.0	2	5839725 174327 16643
47	5161074	0.0	2	4996989 149933 14152
48	4888397	0.0	2	4731453 142627 14317
49	4113662	0.0	2	3980320 120431 12911
50	3330837	0.0	2	3225392 96269 9176
51	2591628	0.0	2	2503889 79638 8101
52	1821515	0.0	2	1759446 56089 5980
53	1239721	0.0	2	1199407 36483 3831
54	823943	0.0	2	796089 25271 2583
55	524193	0.0	2	505542 16934 1717
56	369987	0.0	2	356395 12175 1417
57	220690	0.0	2	212855 7084 751
58	89535	0.0	2	85410 3684 441
59	51747	0.0	2	49264 2164 319
60	38544	0.0	2	36781 1553 210
61	30267	0.0	2	26768 3009 490
62	27734	0.0	2	25541 1155 1038
63	6289	0.0	2	5655 428 206
64	2863	0.0	2	2599 171 93
65	2002	0.0	2	1796 135 71
66	10433	0.0	2	9569 540 324
67	1569	0.0	2	1497 54 18
68	715	0.0	2	593 58 64
69	979	0.0	2	930 38 11
70	668	0.0	2	608 53 7
71	613	0.0	2	485 85 43
72	366	0.0	2	336 22 8
73	593	0.0	2	512 61 20
74	7410	0.0	2	7108 262 40
75	196	0.0	2	127 64 5
76	5482	0.0	2	2126 367 2989
This is cutadapt 2.8 with Python 3.6.9
Command line parameters: -j 16 -a AGATCGGAAGAGCACACGTCTGAA -m 24 --discard-untrimmed -o data/2-adapter_removed/rep1-rna-ap.fq.gz data_raw/rep1-rna-ap.fq.gz
Processing reads on 16 cores in single-end mode ...
Finished in 761.71 s (2 us/read; 27.58 M reads/minute).

=== Summary ===

Total reads processed:             350,139,541
Reads with adapters:               337,083,214 (96.3%)
Reads that were too short:           2,290,720 (0.7%)
Reads written (passing filters):   334,792,494 (95.6%)

Total basepairs processed: 26,610,605,116 bp
Total written (filtered):  12,568,283,348 bp (47.2%)

=== Adapter 1 ===

Sequence: AGATCGGAAGAGCACACGTCTGAA; Type: regular 3'; Length: 24; Trimmed: 337083214 times; Reverse-complemented: 0 times

No. of allowed errors:
0-9 bp: 0; 10-19 bp: 1; 20-24 bp: 2

Bases preceding removed adapters:
  A: 31.8%
  C: 17.1%
  G: 8.8%
  T: 42.4%
  none/other: 0.0%

Overview of removed sequences
length	count	expect	max.err	error counts
3	66325	5470930.3	0	66325
4	16679	1367732.6	0	16679
5	9276	341933.1	0	9276
6	10739	85483.3	0	10739
7	14098	21370.8	0	14098
8	19083	5342.7	0	19083
9	29040	1335.7	0	28920 120
10	37653	333.9	1	35465 2188
11	52826	83.5	1	51200 1626
12	76786	20.9	1	73426 3360
13	119009	5.2	1	115318 3691
14	180727	1.3	1	174752 5975
15	262837	0.3	1	253516 9321
16	385513	0.1	1	372247 13266
17	547422	0.0	1	528473 18949
18	762387	0.0	1	725987 28163 8237
19	1063195	0.0	1	1021982 37270 3943
20	1605185	0.0	2	1524796 69509 10880
21	1714063	0.0	2	1630526 66344 17193
22	2014345	0.0	2	1861806 130538 22001
23	2428288	0.0	2	2268869 132336 27083
24	2723900	0.0	2	2565197 135168 23535
25	3270900	0.0	2	3087755 156821 26324
26	3795537	0.0	2	3581190 183539 30808
27	4357747	0.0	2	4119137 204751 33859
28	4662933	0.0	2	4401604 225734 35595
29	5072402	0.0	2	4778218 252777 41407
30	6110546	0.0	2	5779376 289863 41307
31	6425384	0.0	2	6077131 303723 44530
32	7430000	0.0	2	7040769 343112 46119
33	8918785	0.0	2	8459593 400820 58372
34	10072196	0.0	2	9557907 453464 60825
35	11305938	0.0	2	10729766 503558 72614
36	13304566	0.0	2	12614899 608369 81298
37	15406958	0.0	2	14609981 706970 90007
38	18747764	0.0	2	17791768 857030 98966
39	19605485	0.0	2	18582470 908674 114341
40	24016122	0.0	2	22841042 1035174 139906
41	27892394	0.0	2	26491186 1245347 155861
42	32666254	0.0	2	31048865 1449347 168042
43	34205622	0.0	2	32462911 1554396 188315
44	30096295	0.0	2	28573104 1347494 175697
45	14417488	0.0	2	13639889 690550 87049
46	5081603	0.0	2	4803394 242925 35284
47	3610643	0.0	2	3403678 180030 26935
48	3122822	0.0	2	2943977 156550 22295
49	2459553	0.0	2	2319802 121378 18373
50	1967462	0.0	2	1859699 93904 13859
51	1520060	0.0	2	1432888 76054 11118
52	1109659	0.0	2	1048283 53647 7729
53	789577	0.0	2	745452 38547 5578
54	542219	0.0	2	512120 26285 3814
55	367194	0.0	2	346030 18612 2552
56	269898	0.0	2	254580 13429 1889
57	152311	0.0	2	143524 7701 1086
58	54781	0.0	2	51322 3024 435
59	27416	0.0	2	25612 1564 240
60	19822	0.0	2	18530 1124 168
61	15314	0.0	2	14050 1102 162
62	22443	0.0	2	20914 1233 296
63	3769	0.0	2	3457 244 68
64	2070	0.0	2	1917 130 23
65	1581	0.0	2	1478 78 25
66	5056	0.0	2	4625 340 91
67	1649	0.0	2	1532 108 9
68	861	0.0	2	773 63 25
69	1241	0.0	2	1157 75 9
70	982	0.0	2	931 47 4
71	840	0.0	2	727 78 35
72	392	0.0	2	362 22 8
73	749	0.0	2	682 51 16
74	7506	0.0	2	7134 338 34
75	133	0.0	2	97 32 4
76	2916	0.0	2	1710 273 933
This is cutadapt 2.8 with Python 3.6.9
Command line parameters: -j 16 -a AGATCGGAAGAGCACACGTCTGAA -m 24 --discard-untrimmed -o data/2-adapter_removed/rep2-rna-am.fq.gz data_raw/rep2-rna-am.fq.gz
Processing reads on 16 cores in single-end mode ...
Finished in 409.43 s (2 us/read; 27.63 M reads/minute).

=== Summary ===

Total reads processed:             188,532,026
Reads with adapters:               177,567,587 (94.2%)
Reads that were too short:           1,896,926 (1.0%)
Reads written (passing filters):   175,670,661 (93.2%)

Total basepairs processed: 14,328,433,976 bp
Total written (filtered):  7,059,151,653 bp (49.3%)

=== Adapter 1 ===

Sequence: AGATCGGAAGAGCACACGTCTGAA; Type: regular 3'; Length: 24; Trimmed: 177567587 times; Reverse-complemented: 0 times

No. of allowed errors:
0-9 bp: 0; 10-19 bp: 1; 20-24 bp: 2

Bases preceding removed adapters:
  A: 12.3%
  C: 33.8%
  G: 8.6%
  T: 45.3%
  none/other: 0.0%

Overview of removed sequences
length	count	expect	max.err	error counts
3	127727	2945812.9	0	127727
4	89705	736453.2	0	89705
5	90595	184113.3	0	90595
6	91039	46028.3	0	91039
7	99625	11507.1	0	99625
8	108455	2876.8	0	108455
9	123884	719.2	0	123646 238
10	144980	179.8	1	142711 2269
11	180725	44.9	1	178300 2425
12	243641	11.2	1	239650 3991
13	346695	2.8	1	341558 5137
14	540830	0.7	1	532872 7958
15	779204	0.2	1	765925 13279
16	1001952	0.0	1	985402 16550
17	1205484	0.0	1	1183702 21782
18	1307603	0.0	1	1280048 23537 4018
19	1516473	0.0	1	1485152 29411 1910
20	2027956	0.0	2	1975362 48620 3974
21	1883099	0.0	2	1835007 42492 5600
22	2011148	0.0	2	1944853 59901 6394
23	2218574	0.0	2	2137201 71392 9981
24	2308017	0.0	2	2235643 65923 6451
25	2579508	0.0	2	2501782 71664 6062
26	2829323	0.0	2	2744996 77641 6686
27	3202620	0.0	2	3108388 86840 7392
28	3293445	0.0	2	3194138 91304 8003
29	3586492	0.0	2	3475194 101464 9834
30	4193723	0.0	2	4072040 112738 8945
31	4496645	0.0	2	4369068 118675 8902
32	5135387	0.0	2	4993203 133389 8795
33	6029976	0.0	2	5861909 158088 9979
34	6471417	0.0	2	6292723 168570 10124
35	7080802	0.0	2	6886237 183574 10991
36	8110029	0.0	2	7888289 209249 12491
37	8912035	0.0	2	8666170 232152 13713
38	10923409	0.0	2	10627173 280741 15495
39	10477162	0.0	2	10191505 270602 15055
40	12798643	0.0	2	12450560 330299 17784
41	13671287	0.0	2	13298047 353622 19618
42	14783103	0.0	2	14380296 381750 21057
43	13214482	0.0	2	12840803 353546 20133
44	6024376	0.0	2	5851332 163540 9504
45	1956166	0.0	2	1897654 55000 3512
46	1604136	0.0	2	1556426 44753 2957
47	1428657	0.0	2	1385452 40529 2676
48	1213554	0.0	2	1176557 34526 2471
49	1003809	0.0	2	972887 28860 2062
50	902934	0.0	2	875758 25545 1631
51	719817	0.0	2	697005 21392 1420
52	580313	0.0	2	562659 16539 1115
53	481286	0.0	2	466209 14189 888
54	375365	0.0	2	363583 11128 654
55	298983	0.0	2	289203 9180 600
56	253092	0.0	2	244783 7799 510
57	171457	0.0	2	165575 5475 407
58	65846	0.0	2	63308 2351 187
59	34925	0.0	2	33624 1211 90
60	28117	0.0	2	27056 987 74
61	34757	0.0	2	33455 1214 88
62	76592	0.0	2	73869 2578 145
63	9998	0.0	2	9577 380 41
64	5735	0.0	2	5484 234 17
65	3069	0.0	2	2919 141 9
66	12657	0.0	2	12105 515 37
67	3294	0.0	2	3138 147 9
68	1286	0.0	2	1217 63 6
69	1405	0.0	2	1325 68 12
70	1615	0.0	2	1522 86 7
71	1186	0.0	2	1072 97 17
72	498	0.0	2	473 25
73	1692	0.0	2	1566 111 15
74	18758	0.0	2	18006 716 36
75	718	0.0	2	644 67 7
76	14595	0.0	2	12411 980 1204
This is cutadapt 2.8 with Python 3.6.9
Command line parameters: -j 16 -a AGATCGGAAGAGCACACGTCTGAA -m 24 --discard-untrimmed -o data/2-adapter_removed/rep2-rna-ap.fq.gz data_raw/rep2-rna-ap.fq.gz
Processing reads on 16 cores in single-end mode ...
Finished in 429.97 s (2 us/read; 28.02 M reads/minute).

=== Summary ===

Total reads processed:             200,807,261
Reads with adapters:               194,927,836 (97.1%)
Reads that were too short:           1,998,279 (1.0%)
Reads written (passing filters):   192,929,557 (96.1%)

Total basepairs processed: 15,261,351,836 bp
Total written (filtered):  7,643,088,911 bp (50.1%)

=== Adapter 1 ===

Sequence: AGATCGGAAGAGCACACGTCTGAA; Type: regular 3'; Length: 24; Trimmed: 194927836 times; Reverse-complemented: 0 times

No. of allowed errors:
0-9 bp: 0; 10-19 bp: 1; 20-24 bp: 2

Bases preceding removed adapters:
  A: 16.8%
  C: 24.4%
  G: 8.5%
  T: 50.3%
  none/other: 0.0%

Overview of removed sequences
length	count	expect	max.err	error counts
3	45858	3137613.5	0	45858
4	28015	784403.4	0	28015
5	28059	196100.8	0	28059
6	28403	49025.2	0	28403
7	33799	12256.3	0	33799
8	41144	3064.1	0	41144
9	52081	766.0	0	51976 105
10	61534	191.5	1	60440 1094
11	79996	47.9	1	78798 1198
12	107293	12.0	1	105422 1871
13	153512	3.0	1	151315 2197
14	238621	0.7	1	235026 3595
15	381749	0.2	1	375451 6298
16	593244	0.0	1	583998 9246
17	860317	0.0	1	845366 14951
18	1090222	0.0	1	1067494 18733 3995
19	1427145	0.0	1	1399382 25807 1956
20	2167756	0.0	2	2112858 50902 3996
21	1992419	0.0	2	1944047 42851 5521
22	2181359	0.0	2	2109167 65229 6963
23	2478122	0.0	2	2375640 90448 12034
24	2557986	0.0	2	2478058 72747 7181
25	2946347	0.0	2	2859767 80019 6561
26	3230546	0.0	2	3136035 87389 7122
27	3722096	0.0	2	3614733 99476 7887
28	3776296	0.0	2	3663666 103944 8686
29	4036823	0.0	2	3914889 111735 10199
30	4753874	0.0	2	4617358 127408 9108
31	4837851	0.0	2	4699455 129002 9394
32	5604084	0.0	2	5445263 149881 8940
33	6637257	0.0	2	6453393 173714 10150
34	7139128	0.0	2	6939430 188559 11139
35	7522234	0.0	2	7308412 201934 11888
36	8753156	0.0	2	8507936 232200 13020
37	9250644	0.0	2	8992436 243958 14250
38	11870506	0.0	2	11544091 309879 16536
39	11020540	0.0	2	10702256 301800 16484
40	13773907	0.0	2	13380223 372441 21243
41	14674618	0.0	2	14254442 397358 22818
42	15971458	0.0	2	15512260 434594 24604
43	15181350	0.0	2	14731028 426120 24202
44	9922264	0.0	2	9621374 285639 15251
45	3341712	0.0	2	3238006 97896 5810
46	1955941	0.0	2	1894642 57712 3587
47	1595442	0.0	2	1544200 48284 2958
48	1345267	0.0	2	1301379 41191 2697
49	1094562	0.0	2	1058391 33823 2348
50	949132	0.0	2	917460 29720 1952
51	769540	0.0	2	743002 24851 1687
52	624348	0.0	2	602848 20099 1401
53	517309	0.0	2	499148 17071 1090
54	399155	0.0	2	384821 13415 919
55	331285	0.0	2	319152 11332 801
56	284126	0.0	2	273892 9569 665
57	192371	0.0	2	185044 6856 471
58	73402	0.0	2	70551 2653 198
59	37725	0.0	2	36174 1426 125
60	29953	0.0	2	28673 1186 94
61	29492	0.0	2	28177 1215 100
62	52158	0.0	2	50007 2047 104
63	8422	0.0	2	7945 431 46
64	3811	0.0	2	3592 201 18
65	2210	0.0	2	2104 98 8
66	8670	0.0	2	8182 462 26
67	1919	0.0	2	1803 111 5
68	729	0.0	2	680 43 6
69	1049	0.0	2	986 54 9
70	893	0.0	2	839 50 4
71	664	0.0	2	614 41 9
72	306	0.0	2	289 16 1
73	845	0.0	2	786 50 9
74	15478	0.0	2	14705 732 41
75	307	0.0	2	266 35 6
76	6000	0.0	2	5025 442 533
